0 1
0 2
1 3
1 4
1 5
1 6
1 7
1 8
1 9
1 10
1 11
1 12
1 13
1 14
1 15
1 16
1 17
1 18
1 19
1 20
1 21
1 22
1 23
1 24
1 25
1 26
1 0
1 27
1 28
1 29
1 30
1 31
1 32
1 33
1 34
1 35
1 36
1 37
1 38
1 39
1 40
1 41
1 42
1 43
1 44
1 45
1 46
1 47
1 48
1 49
1 50
1 51
1 52
1 53
1 54
1 55
1 56
1 57
1 58
1 59
1 60
1 61
1 62
1 63
1 64
1 65
1 66
1 67
1 68
1 69
1 70
1 71
1 72
1 73
1 74
1 75
1 76
1 77
1 78
1 79
1 80
2 81
2 82
2 83
2 84
2 85
2 86
2 87
2 88
2 89
2 90
2 91
2 92
2 93
2 94
2 95
2 96
2 97
2 98
2 99
2 100
2 101
2 102
2 103
2 104
2 105
2 106
2 107
2 108
2 109
2 110
2 111
2 112
2 113
2 114
2 115
2 116
2 117
2 118
2 119
2 120
2 121
2 122
2 123
2 124
2 125
2 126
2 127
2 128
2 129
2 130
2 131
2 132
2 133
2 134
2 135
2 136
2 137
2 138
2 139
2 140
2 141
2 142
2 143
2 144
2 145
2 146
2 147
2 148
2 149
2 150
2 151
2 152
2 153
2 154
2 155
2 156
2 157
2 158
2 159
2 160
2 161
2 162
2 163
2 164
2 165
2 166
2 167
2 168
2 169
2 170
2 171
2 172
2 173
2 174
2 175
2 176
2 177
2 178
2 179
2 180
2 181
2 182
2 183
2 184
2 0
2 185
2 186
2 187
2 188
2 189
2 190
2 191
2 192
2 193
2 194
2 195
2 196
2 197
2 198
2 199
2 200
2 201
2 202
2 203
2 204
2 205
2 206
2 207
2 208
2 209
2 210
2 211
2 212
2 213
2 214
2 215
2 216
2 217
2 218
2 219
2 220
2 221
2 222
2 223
2 224
2 225
2 226
2 227
2 228
2 229
2 230
2 231
2 232
2 233
2 234
2 235
2 236
2 237
2 238
2 239
2 240
2 241
2 242
2 243
2 244
2 245
2 246
2 247
2 248
2 249
2 250
2 251
2 252
2 253
2 254
2 255
2 256
2 257
2 258
2 259
2 260
2 261
2 262
2 263
2 264
2 265
2 266
2 267
2 268
2 269
2 270
2 271
2 272
2 273
2 274
2 275
2 276
2 277
2 278
2 279
3 280
3 281
3 282
3 283
3 284
3 285
3 286
3 287
3 288
3 289
3 290
3 291
3 292
3 293
3 294
3 295
3 296
3 297
3 298
3 299
3 300
3 301
3 302
3 303
3 304
3 305
3 306
3 307
3 308
3 309
3 310
3 311
3 312
3 313
3 314
3 315
3 316
3 317
3 318
3 319
3 320
3 321
3 322
3 323
3 324
3 325
3 326
3 327
3 328
3 329
3 330
3 331
3 332
3 333
3 334
3 335
3 336
3 337
3 338
3 339
3 340
3 341
3 342
3 343
3 344
3 345
3 346
3 347
3 348
3 349
3 350
3 351
3 352
3 353
3 354
3 355
3 356
3 357
3 358
3 359
3 360
3 361
3 362
3 363
3 364
3 365
3 366
3 367
3 368
3 369
3 370
3 371
3 372
3 373
3 374
3 375
3 376
3 377
3 378
3 379
3 380
3 381
3 382
3 383
3 384
3 385
3 386
3 387
3 388
3 389
3 390
3 391
3 392
3 393
3 394
3 395
3 396
3 397
3 398
3 399
3 400
3 401
3 402
3 403
3 404
3 405
3 406
3 407
3 408
3 409
3 410
3 411
3 412
3 413
3 414
3 415
3 416
3 417
3 418
3 419
3 420
3 421
3 422
3 423
3 424
3 425
3 426
3 427
3 428
3 429
3 430
3 431
3 432
3 433
3 434
3 435
3 436
3 437
3 438
3 439
3 440
3 441
3 442
3 443
3 444
3 445
3 446
3 447
3 448
3 449
3 450
3 451
3 452
3 453
3 454
3 455
3 456
3 457
3 458
3 459
3 460
3 461
3 462
3 463
3 464
3 465
3 466
3 467
3 468
3 469
3 470
3 471
3 472
3 473
3 474
3 475
3 476
3 477
3 478
3 479
4 480
4 481
4 482
4 483
4 484
4 485
4 486
4 487
4 488
4 489
4 490
4 491
4 492
4 493
4 494
4 495
4 496
4 497
4 498
4 499
4 500
4 501
4 502
4 503
4 504
4 505
4 506
4 507
4 508
4 509
4 510
4 511
4 512
4 513
4 514
4 515
4 516
4 517
4 518
4 519
4 520
4 521
4 522
4 523
4 524
4 525
4 526
4 527
4 528
4 529
4 530
4 531
4 532
4 533
4 534
4 535
4 536
4 537
4 538
4 539
4 540
4 541
4 542
4 543
4 544
4 545
4 546
4 547
4 548
4 549
4 550
4 551
4 552
4 553
4 554
4 555
4 556
4 557
4 558
4 559
4 560
4 561
4 562
4 563
4 564
4 565
4 566
4 567
4 568
4 569
5 570
5 571
5 572
5 573
5 574
5 575
5 576
5 577
5 578
5 579
5 580
5 581
5 582
5 583
5 584
5 585
5 586
5 587
5 588
5 589
5 590
5 591
5 592
5 593
5 594
5 595
5 596
5 597
5 598
5 599
5 600
5 601
5 602
5 603
5 604
5 605
5 606
5 607
5 608
5 609
5 610
5 611
5 612
5 613
5 614
5 615
5 616
5 617
5 618
5 619
5 620
5 621
5 622
5 623
5 624
5 625
5 626
5 627
5 628
5 629
5 630
5 631
5 632
5 633
5 634
5 635
5 636
5 637
5 638
5 639
5 640
5 641
5 642
5 643
5 644
5 645
5 646
5 647
5 648
5 649
5 650
5 651
5 652
5 653
5 654
5 655
5 656
5 657
5 658
5 659
5 660
5 661
5 662
5 663
5 664
5 665
5 666
5 667
5 668
5 669
5 670
5 671
5 672
5 673
5 674
5 675
5 676
5 677
5 678
5 679
5 680
5 681
5 682
5 683
5 684
5 685
5 686
5 687
5 688
5 689
5 690
5 691
5 692
5 693
5 694
5 695
5 696
5 697
5 698
5 699
5 700
5 701
5 702
5 703
5 704
5 705
5 706
5 707
5 708
5 709
5 710
5 711
5 712
5 713
5 714
5 715
5 716
5 717
5 718
5 719
5 720
5 721
5 722
5 723
5 724
5 725
5 726
5 727
5 728
5 729
5 730
5 731
5 732
5 733
5 734
5 735
5 736
5 737
5 738
5 739
5 740
5 741
5 742
5 743
5 744
5 745
5 746
5 747
5 748
5 749
5 750
5 751
5 752
5 753
5 754
5 755
5 756
5 757
5 758
5 759
5 760
5 761
5 762
5 763
5 764
5 765
5 766
5 767
5 768
5 769
6 770
6 771
6 772
6 773
6 774
6 775
6 776
6 777
6 778
6 779
6 780
6 781
6 782
6 783
6 784
6 785
6 786
6 787
6 788
6 789
6 790
6 791
6 792
6 793
6 794
6 795
6 796
6 797
6 798
6 799
6 800
6 801
6 802
6 803
6 804
6 805
6 806
6 807
6 808
6 809
6 810
6 811
6 812
6 813
6 814
6 815
6 816
6 817
6 818
6 819
6 820
6 821
6 822
6 823
6 824
6 825
6 826
6 827
6 828
6 829
6 830
6 831
6 832
6 833
6 834
6 835
6 836
6 837
6 838
6 839
6 840
6 841
6 842
6 843
6 844
6 845
6 846
6 847
6 848
6 849
6 850
6 851
6 852
6 853
6 854
6 855
6 856
6 857
6 858
6 859
6 860
6 861
6 862
6 863
6 864
6 865
6 866
6 867
6 868
6 869
6 870
6 871
6 872
6 873
6 874
6 875
6 876
6 877
6 878
6 879
6 880
6 881
6 882
6 883
6 884
6 885
6 886
6 887
6 888
6 889
6 890
6 891
6 892
6 893
6 894
6 895
6 896
6 897
7 898
7 899
7 900
7 901
7 902
7 903
7 904
7 905
7 906
7 907
7 908
7 909
7 910
7 911
7 912
7 913
7 914
7 915
7 916
7 917
7 918
7 919
7 920
7 921
7 922
7 923
7 924
7 925
7 926
7 927
7 928
7 929
7 930
7 931
7 932
7 933
7 934
7 935
7 936
7 937
7 938
7 939
7 940
7 941
7 942
7 943
7 944
7 945
7 946
7 947
7 948
7 949
7 950
7 951
7 952
7 953
7 954
7 955
7 956
7 957
7 958
7 959
7 960
7 961
7 962
7 963
7 964
7 965
7 966
7 967
7 968
7 969
7 970
7 971
7 972
7 973
7 974
7 975
7 976
7 977
7 978
7 979
7 980
7 981
7 982
7 983
7 984
7 985
7 986
7 987
7 988
7 989
7 990
7 991
7 992
7 993
7 994
7 995
7 996
7 997
7 998
7 999
7 1000
7 1001
7 1002
7 1003
7 1004
7 1005
7 1006
7 1007
7 1008
7 1009
7 1010
7 1011
7 1012
7 1013
7 1014
7 1015
7 1016
7 1017
7 1018
7 1019
7 1020
7 1021
7 1022
7 1023
7 1024
7 1025
7 1026
7 1027
7 1028
7 1029
7 1030
7 1031
7 1032
7 1033
7 1034
7 1035
7 1036
7 1037
7 1038
7 1039
7 1040
7 1041
7 1042
7 1043
7 1044
7 1045
7 1046
7 1047
7 1048
7 1049
7 1050
7 1051
7 1052
7 1053
7 1054
7 1055
7 1056
7 1057
7 1058
7 1059
7 1060
7 1061
7 1062
7 1063
7 1064
7 1065
7 1066
7 1067
7 1068
7 1069
7 1070
7 1071
7 1072
7 1073
7 1074
7 1075
7 1076
7 1077
7 1078
7 1079
7 1080
7 1081
7 1082
7 1083
7 1084
7 1085
7 1086
7 1087
7 1088
7 1089
7 1090
7 1091
7 1092
7 1093
7 1094
7 1095
7 1096
7 1097
8 1098
8 1099
8 1100
8 1101
8 1102
8 1103
8 1104
8 1105
8 1106
8 1107
8 1108
8 1109
8 1110
8 1111
8 1112
8 1113
8 1114
8 1115
8 1116
8 1117
8 1118
8 1119
8 1120
8 1121
8 1122
8 1123
8 1124
8 1125
8 1126
8 1127
8 1128
8 1129
8 1130
8 1131
8 1132
8 1133
8 1134
8 1135
8 1136
8 1137
8 1138
8 1139
8 1140
8 1141
8 1142
8 1143
8 1144
8 1145
8 1146
8 1147
8 1148
8 1149
8 1150
8 1151
8 1152
8 1153
8 1154
8 1155
8 1156
8 1157
8 1158
8 1159
8 1160
8 1161
8 1162
8 1163
8 1164
8 1165
8 1166
8 1167
8 1168
8 1169
8 1170
8 1171
8 1172
8 1173
8 1174
8 1175
8 1176
8 1177
8 1178
8 1179
8 1180
8 1181
8 1182
8 1183
8 1184
8 1185
8 1186
8 1187
8 1188
8 1189
8 1190
8 1191
8 1192
8 1193
8 1194
8 1195
8 1196
8 1197
8 1198
8 1199
8 1200
8 1201
8 1202
8 1203
8 1204
8 1205
8 1206
8 1207
8 1208
8 1209
8 1210
8 1211
8 1212
8 1213
8 1214
8 1215
8 1216
8 1217
8 1218
8 1219
8 1220
8 1221
8 1222
8 1223
8 1224
8 1225
8 1226
8 1227
8 1228
8 1229
8 1230
8 1231
8 1232
8 1233
8 1234
8 1235
8 1236
8 1237
8 1238
8 1239
8 1240
8 1241
8 1242
8 1243
8 1244
8 1245
8 1246
8 1247
8 1248
8 1249
8 1250
8 1251
8 1252
8 1253
8 1254
8 1255
8 1256
8 1257
8 1258
8 1259
8 1260
8 1261
8 1262
8 1263
8 1264
8 1265
8 1266
8 1267
8 1268
8 1269
8 1270
8 1271
8 1272
8 1273
8 1274
8 1275
9 1276
9 1277
9 1278
9 1279
9 1280
9 1281
9 1282
9 1283
9 1284
9 1285
9 1286
9 1287
9 1288
9 1289
9 1290
9 1291
9 1292
9 1293
9 1294
9 1295
9 1296
9 1297
9 1298
9 1299
9 1300
9 1301
9 1302
9 1303
9 1304
9 1305
9 1306
9 1307
9 1308
9 1309
9 1310
9 1311
9 1312
9 1313
9 1314
9 1315
9 1316
9 1317
9 1318
9 1319
9 1320
9 1321
9 1322
9 1323
9 1324
9 1325
9 1326
9 1327
9 1328
9 1329
9 1330
9 1331
9 1332
9 1333
9 1334
9 1335
9 1336
9 1337
9 1338
9 1339
9 1340
9 1341
9 1342
9 1343
9 1344
9 1345
9 1346
9 1347
9 1348
9 1349
9 1350
9 1351
9 1352
9 1353
9 1354
9 1355
9 1356
9 1357
9 1358
9 1359
9 1360
9 1361
9 1362
9 1363
9 1364
9 1365
9 1366
9 1367
9 1368
9 1369
9 1370
9 1371
9 1372
9 1373
9 1374
9 1375
9 1376
9 1377
9 1378
9 1379
9 1380
9 1381
9 1382
9 1383
9 1384
9 1385
9 1386
9 1387
9 1388
9 1389
9 1390
9 1391
9 1392
9 1393
9 1394
9 1395
9 1396
9 1397
9 1398
9 1399
9 1400
9 1401
9 1402
9 1403
9 1404
9 1405
9 1406
9 1407
9 1408
9 1409
9 1410
9 1411
9 1412
9 1413
9 1414
9 1415
9 1416
9 1417
9 1418
9 1419
9 1420
9 1421
9 1422
9 1423
9 1424
9 1425
9 1426
9 1427
9 1428
9 1429
9 1430
9 1431
9 1432
9 1433
9 1434
9 1435
9 1436
9 1437
9 1438
9 1439
9 1440
9 1441
9 1442
9 1443
9 1444
9 1445
9 1446
9 1447
9 1448
9 1449
9 1450
9 1451
9 1452
9 1453
9 1454
9 1455
9 1456
9 1457
9 1458
9 1459
9 1460
9 1461
9 1462
9 1463
9 1464
9 1465
9 1466
9 1467
9 1468
9 1469
9 1470
9 1471
9 1472
9 1473
9 1474
9 1475
10 1476
10 1477
10 1478
10 1479
10 1480
10 1481
10 1482
10 1483
10 1484
10 1485
10 1486
10 1487
10 1488
10 1489
10 1490
10 1491
10 1492
10 1493
